speed 	 nHops 	 latency
15 	 1 	 0.025056 
15 	 2 	 0.249637 
15 	 3 	 0.078532 
15 	 4 	 0.135498 
15 	 5 	 0.202917 
15 	 6 	 0.150084 
15 	 1 	 0.015358 
15 	 2 	 0.049185 
15 	 3 	 0.077324 
15 	 4 	 0.096211 
15 	 1 	 0.042150 
15 	 2 	 0.005807 
15 	 3 	 0.116983 
15 	 6 	 0.042896 
15 	 1 	 0.009734 
15 	 2 	 0.024987 
15 	 3 	 0.058670 
15 	 4 	 0.105221 
15 	 5 	 0.008150 
15 	 6 	 0.147452 
15 	 1 	 0.010896 
15 	 2 	 0.034220 
15 	 3 	 0.072950 
15 	 4 	 0.036290 
15 	 5 	 0.056833 
15 	 1 	 0.041226 
15 	 2 	 0.063198 
15 	 3 	 0.018150 
15 	 4 	 0.086422 
15 	 5 	 0.075746 
15 	 1 	 0.028775 
15 	 2 	 0.065052 
15 	 3 	 0.043552 
15 	 4 	 0.034096 
15 	 5 	 0.171620 
15 	 1 	 0.013751 
15 	 2 	 0.045898 
15 	 3 	 0.009479 
15 	 4 	 0.001883 
15 	 5 	 0.065192 
15 	 1 	 0.019210 
15 	 2 	 0.055087 
15 	 3 	 0.097239 
15 	 4 	 0.069603 
15 	 5 	 0.010439 
15 	 6 	 0.060835 
15 	 1 	 0.006299 
15 	 2 	 0.061536 
15 	 3 	 0.047715 
15 	 4 	 0.138541 
15 	 5 	 0.114022 
15 	 6 	 0.072919 
15 	 1 	 0.013458 
15 	 2 	 0.009307 
15 	 3 	 0.061780 
15 	 4 	 0.081494 
15 	 5 	 0.012588 
15 	 6 	 0.072559 
15 	 8 	 0.014830 
15 	 1 	 0.010974 
15 	 2 	 0.048500 
15 	 3 	 0.074738 
15 	 4 	 0.128115 
15 	 5 	 0.126309 
15 	 7 	 0.168693 
15 	 8 	 0.041999 
15 	 1 	 0.041663 
15 	 2 	 0.032902 
15 	 3 	 0.061838 
15 	 4 	 0.033578 
15 	 5 	 0.076673 
15 	 6 	 0.163525 
15 	 1 	 0.023616 
15 	 2 	 0.037084 
15 	 3 	 0.091848 
15 	 4 	 0.134219 
15 	 5 	 0.092960 
15 	 6 	 0.101917 
15 	 7 	 0.054880 
15 	 11 	 0.138203 
15 	 1 	 0.026817 
15 	 2 	 0.052635 
15 	 3 	 0.062373 
15 	 4 	 0.037616 
15 	 5 	 0.021319 
15 	 6 	 0.083398 
15 	 1 	 0.033732 
15 	 2 	 0.023595 
15 	 3 	 0.076569 
15 	 4 	 0.060219 
15 	 5 	 0.037067 
15 	 1 	 0.028366 
15 	 2 	 0.042352 
15 	 3 	 0.067459 
15 	 4 	 0.102674 
15 	 1 	 0.027234 
15 	 2 	 0.071264 
15 	 3 	 0.070507 
15 	 5 	 0.156827 
15 	 6 	 0.039688 
15 	 7 	 0.073049 
15 	 1 	 0.010893 
15 	 2 	 0.061799 
15 	 3 	 0.095865 
15 	 4 	 0.188630 
15 	 5 	 0.062569 
15 	 6 	 0.096385 
15 	 1 	 0.025493 
15 	 2 	 0.055937 
15 	 3 	 0.022857 
15 	 4 	 0.081110 
15 	 5 	 0.040353 
15 	 6 	 0.030191 
15 	 1 	 0.026347 
15 	 2 	 0.018235 
15 	 3 	 0.014098 
15 	 4 	 0.103080 
15 	 5 	 0.071790 
15 	 7 	 0.253181 
15 	 1 	 0.018859 
15 	 2 	 0.059329 
15 	 3 	 0.091419 
15 	 1 	 0.019844 
15 	 2 	 0.057401 
15 	 3 	 0.086047 
15 	 4 	 0.104464 
15 	 5 	 0.013201 
15 	 6 	 0.109933 
15 	 1 	 0.020068 
15 	 2 	 0.056337 
15 	 3 	 0.081501 
15 	 4 	 0.104948 
15 	 5 	 0.080473 
15 	 1 	 0.033514 
15 	 2 	 0.072887 
15 	 3 	 0.046326 
15 	 4 	 0.116592 
